187
32
32
32
9
9
32
32
32
32
67
79
78
84
82
79
76
83
58
13
10
13
10
9
81
32
45
32
117
112
45
108
101
102
116
44
32
32
32
32
32
32
32
32
32
32
87
32
45
32
117
112
44
32
32
32
32
32
32
69
32
45
32
117
112
45
114
105
103
104
116
13
10
13
10
9
65
32
45
32
108
101
102
116
44
32
32
9
32
32
32
32
32
32
32
32
32
32
83
32
45
32
115
116
111
112
44
32
32
32
32
32
68
32
45
32
114
105
103
104
116
13
10
13
10
9
90
32
45
32
100
111
119
110
45
108
101
102
116
44
32
32
32
32
32
32
88
32
45
32
100
111
119
110
32
32
32
32
67
32
45
32
100
111
119
110
45
114
105
103
104
116
13
10
13
10
67
84
82
76
32
45
32
115
104
111
111
116
0
